15109641416|300321
15109641416|300321
15109641416|300321
15109641416|300321
15109641416|300321
15109641416|300321
123|456
15109641416|300321
123|456
123|456|
123|456|
123|456|
123|456|
123|456|
123|456|789
15109641416|300321|
15109641416|300321|
123|456|1 1
15109641416|300321|
15109641416|300321|
15109641416|300321|
123|456|1 12
15109641416|300321
15109641416|300321
15109641416|300321
15109641416|300321
15109641416|300321
15109641416|300321
15109641416|300321
15109641416|300321
15109641416|300321
15109641416|300321
15109641416|300321
15109641416|300321
123|456
15109641416|300321
123|456
123|456
15109641416|300321
15109641416|300321
15109641416|300321
15109641416|300321
15109641416|300321
15109641416|300321
